4657966
4659187
4660721
4666216
4667693
4669813
4677509
4682376
4687238
4707571
4712079
4716066
4729164
4730320
4742222
4747352
4748566
4755505
4774410
4913057
4920263
4930566
4947313
4958961
4962001
4980153
4982916
4995989
5006300
5015571
5020416
5026200
5042941
5079353
5096331
5098714
5128897
5142270
5149332
5160096
5167247
5172398
5221825
5223750
5234587
5244404
5249004
5318380
5328361
5335943
5344772
5347875
5360191
5372189
5393094
5403168
5410253
5413551
5420909
5448931
5450387
5462085
5482756
5483825
5488533
5490529
5504861
5510341
5525654
5535007
5536415
5545822
5547957
5555043
5565906
5584996
5590525
5594093
5617987
5622664
5625603
5627674
5628712
5645003
5661046
5671623
5675972
5684887
5691980
5701409
5703870
5711177
5715184
5719835
5731455
5744372
5770388
5777210
5842356
5844353
