ID	Gender	yboth	D3S1358	TH01	D21S11	D18S51	Penta-E	D5S818	D13S317	D7S820	D16S539	CSF1PO	Penta-D	AMEL	vWA	D8S1179	TPOX	FGA	D19S433	D12S391	D6S1043	D2S1338	D1S1656
4265	X|Y	?	16|16	9|9	31|31	15|20	11|14	11|12	8|11	12|12	12|12	11|13	9|9	X|Y	17|17	11|13	8|9	24|24	12|13	20|22	14|18	19|23	15|16
4266	X|X	?	15|17	7|7	30|30.2	16|17	14|20	11|12	8|10	11|12	12|13	11|13	9|12	X|X	17|17	13|13	8|9	22|24	13|15.2	20|22	11|14	19|23	11|16
4267	X|Y	?	16|17	7|9	30|31	15|16	11|20	11|11	8|10	11|12	12|12	11|13	9|9	X|Y	17|17	13|17	8|9	23|24	12|15.2	18|20	14|16	18|23	15|16
6466	X|X	?	16|16	7|7	30|33.2	16|19	11|15	10|11	10|11	11|12	10|12	10|12	9|13	X|X	17|18	11|13	8|8	24|24.2	13|13	20|20	11|14	20|25	12|12
6527	X|Y	?	15|16	6|9	29|29	15|17	11|12	9|12	11|11	12|13	9|13	10|11	9|12	X|Y	17|18	14|16	8|11	21|24	15.2|15.2	18|19	12|18	17|20	13|15
6528	X|X	?	16|18	9|9	30|32	14|24	11|18	11|13	8|14	9|11	11|12	11|11	10|13	X|X	14|17	14|15	8|8	20|26	12|13.2	17|23	11|17	20|23	14|15
6529	X|Y	?	17|18	6|7	30|32	16|24	11|14	9|12	8|11	9|11	12|12	12|12	10|13	X|Y	14|17	14|15	8|11	20|23	12.2|14	17|20	17|19	20|23	15|17.3
6530	X|Y	?	15|17	9|9	30|31	14|14	15|18	9|12	8|11	8|9	10|12	11|11	10|12	X|Y	14|19	14|15	8|11	25|26	13.2|14.2	17|22	14|19	19|19	14|16
6629	X|X	?	15|18	7|9	30|31.2	13|19	12|20	9|9	9|12	9|12	9|12	11|12	11|12	X|X	17|17	11|14	8|10	23|24	15|15.2	17|18	11|20	17|18	13|15
6630	X|X	?	15|16	9|9	29|31.2	16|19	12|12	9|9	9|11	11|12	10|12	10|11	9|12	X|X	17|17	11|14	8|8	20|24	13|15	17|18	11|19	17|20	13|16
6631	X|Y	?	16|18	7|7	30|30	12|13	18|20	9|13	8|12	9|10	9|11	12|12	11|12	X|Y	17|17	8|14	10|11	22|23	15.2|15.2	18|18	13|20	17|18	15|16
6673	X|Y	?	16|17	9|9	30|30	12|15	11|15	9|13	8|12	12|12	9|13	12|12	9|13	X|Y	17|19	13|15	11|11	21|23	14.2|15.2	19|21	13|14	21|23	13|16
6674	X|X	?	16|17	9|9	30|32.2	12|19	15|19	13|13	8|12	11|12	9|9	9|12	9|12	X|X	18|19	14|15	11|11	21|21	13|15.2	21|21	11|13	21|23	13|15
6999	X|Y	?	16|17	7|9	31|33.2	13|14	7|22	12|13	11|11	12|12	10|11	12|12	12|16	X|Y	18|18	12|15	8|11	24|25	14|14.2	20|20	11|18	18|19	15|15
7000	X|Y	?	15|17	7|9	30|30	14|21	10|15	10|12	8|8	8|11|	11|11	11|11	9|12	X|Y	16|18	10|11	9|9	22|22.2	13|15.2	18|22	12|18	18|23	15|16
7555	X|Y	?	15|16	7|9	29|33.2	14|19	8|11	10|11	11|12	11|12	12|13	10|12	9|9	X|Y	14|17	13|15	8|9	24|24	13|14	20|20	14|14	19|20	12|14
7556	X|X	?	16|16	7|7	30|33.2	16|19	11|15	10|11	10|11	11|12	10|12	10|12	9|13	X|X	17|18	11|13	8|8	24|24.2	13|13	20|20	11|14	20|25	12|12
7557	X|X	?	16|16	7|7	30|33.2	16|19	11|15	10|11	10|11	11|12	10|12	10|12	9|13	X|X	17|18	11|13	8|8	24|24.2	13|13	20|20	11|14	20|25	12|12
7625	X|X	?	16|17	7|9	30|31.2	17|18	11|17	11|12	11|13	8|12	9|9	9|10	9|11	X|X	14|17	13|13	8|8	23|25	14|15.2	19|22	11|18	18|22	13|16
7626	X|Y	?	17|17	9|9	30|30	15|17	11|15	12|13	11|13	12|12	9|13	9|12	9|13	X|Y	17|19	13|15	8|11	22|23	14.2|15.2	19|21	11|12	17|18	13|18.3
6403	X|Y	?	16|18	9|9	29|30	17|21	19|23	10|12	8|8	11|12	9|11	11|12	10|12	X|Y	16|17	13|16	8|9	21|29	14.2|14.2	20|25	11|19	23|23	15|15
6404	X|Y	?	15|16	6|9	30|30	16|17	16|19	10|11	8|12	11|11	9|13	11|12	10|11	X|Y	17|19	13|16	9|11	21|22	13|14.2	20|23	10|19	19|23	14|15
8193	X|X	?	15|18	6|9	29|32	13|15	14|14	11|13	9|11	11|11	9|12	11|12	11|12	X|X	14|17	10|17	8|11	21|23	14|15.2	17|19	19|20	21|26	11|15
7891	X|Y	?	15|16	9|9	29|29	16|19|	10|16	11|12	11|13	9|11	9|11	10|12	9|10	X|Y	17|18|	14|14	8|8	21.2|24	14|14	19|21	12|13	20|22	15|16